# Unified Field Theory Simulation Data
# Generated: 2026-02-05 22:34:53
# Lattice size: 64×64
# Total steps: 1000
#
# Columns: step, time, beta, energy, coherence, charge, rho_lambda
#
     0       0.00   1.0480e+44   4.2880e+47   0.0000    -1.60  2.4833e+148
     1       0.01   5.2400e+43   2.1463e+47   0.9995    -2.00  1.2417e+148
     2       0.02   3.4933e+43   1.4313e+47   1.0000    -2.00  8.2778e+147
     3       0.03   2.6200e+43   1.0731e+47   1.0000    -2.00  6.2084e+147
     4       0.04   2.0960e+43   8.5859e+46   1.0000    -2.00  4.9667e+147
     5       0.05   1.7467e+43   7.1554e+46   1.0000    -2.00  4.1389e+147
     6       0.06   1.4971e+43   6.1332e+46   1.0000    -2.00  3.5476e+147
     7       0.07   1.3100e+43   5.3657e+46   1.0000    -2.00  3.1042e+147
     8       0.08   1.1644e+43   4.7697e+46   1.0000    -2.00  2.7593e+147
     9       0.09   1.0480e+43   4.2933e+46   1.0000    -2.00  2.4833e+147
    10       0.10   9.5273e+42   3.9026e+46   1.0000    -2.00  2.2576e+147
    11       0.11   8.7333e+42   3.5775e+46   1.0000    -2.00  2.0695e+147
    12       0.12   8.0615e+42   3.3025e+46   1.0000    -2.00  1.9103e+147
    13       0.13   7.4857e+42   3.0663e+46   1.0000    -2.00  1.7738e+147
    14       0.14   6.9867e+42   2.8620e+46   1.0000    -2.00  1.6556e+147
    15       0.15   6.5500e+42   2.6831e+46   1.0000    -2.00  1.5521e+147
    16       0.16   6.1647e+42   2.5252e+46   1.0000    -2.00  1.4608e+147
    17       0.17   5.8222e+42   2.3848e+46   1.0000    -2.00  1.3796e+147
    18       0.18   5.5158e+42   2.2593e+46   1.0000    -2.00  1.3070e+147
    19       0.19   5.2400e+42   2.1463e+46   1.0000    -2.00  1.2417e+147
    20       0.20   4.9905e+42   2.0436e+46   1.0000    -2.00  1.1825e+147
    21       0.21   4.7636e+42   1.9513e+46   1.0000    -2.00  1.1288e+147
    22       0.22   4.5565e+42   1.8665e+46   1.0000    -2.00  1.0797e+147
    23       0.23   4.3667e+42   1.7884e+46   1.0000    -2.00  1.0347e+147
    24       0.24   4.1920e+42   1.7172e+46   1.0000    -2.00  9.9334e+146
    25       0.25   4.0308e+42   1.6510e+46   1.0000    -2.00  9.5513e+146
    26       0.26   3.8815e+42   1.5900e+46   1.0000    -2.00  9.1976e+146
    27       0.27   3.7429e+42   1.5332e+46   1.0000    -2.00  8.8691e+146
    28       0.28   3.6138e+42   1.4802e+46   1.0000    -2.00  8.5633e+146
    29       0.29   3.4933e+42   1.4311e+46   1.0000    -2.00  8.2778e+146
    30       0.30   3.3806e+42   1.3847e+46   1.0000    -2.00  8.0108e+146
    31       0.31   3.2750e+42   1.3416e+46   1.0000    -2.00  7.7605e+146
    32       0.32   3.1758e+42   1.3007e+46   1.0000    -2.00  7.5253e+146
    33       0.33   3.0824e+42   1.2625e+46   1.0000    -2.00  7.3040e+146
    34       0.34   2.9943e+42   1.2265e+46   1.0000    -2.00  7.0953e+146
    35       0.35   2.9111e+42   1.1927e+46   1.0000    -2.00  6.8982e+146
    36       0.36   2.8324e+42   1.1603e+46   1.0000    -2.00  6.7117e+146
    37       0.37   2.7579e+42   1.1297e+46   1.0000    -2.00  6.5351e+146
    38       0.38   2.6872e+42   1.1007e+46   1.0000    -2.00  6.3676e+146
    39       0.39   2.6200e+42   1.0734e+46   1.0000    -2.00  6.2084e+146
    40       0.40   2.5561e+42   1.0469e+46   1.0000    -2.00  6.0569e+146
    41       0.41   2.4952e+42   1.0222e+46   1.0000    -2.00  5.9127e+146
    42       0.42   2.4372e+42   9.9839e+45   1.0000    -2.00  5.7752e+146
    43       0.43   2.3818e+42   9.7556e+45   1.0000    -2.00  5.6440e+146
    44       0.44   2.3289e+42   9.5390e+45   1.0000    -2.00  5.5185e+146
    45       0.45   2.2783e+42   9.3325e+45   1.0000    -2.00  5.3986e+146
    46       0.46   2.2298e+42   9.1313e+45   1.0000    -2.00  5.2837e+146
    47       0.47   2.1833e+42   8.9441e+45   1.0000    -2.00  5.1736e+146
    48       0.48   2.1388e+42   8.7602e+45   1.0000    -2.00  5.0681e+146
    49       0.49   2.0960e+42   8.5845e+45   1.0000    -2.00  4.9667e+146
    50       0.50   2.0549e+42   8.4180e+45   1.0000    -2.00  4.8693e+146
    51       0.51   2.0154e+42   8.2553e+45   1.0000    -2.00  4.7757e+146
    52       0.52   1.9774e+42   8.1000e+45   1.0000    -2.00  4.6856e+146
    53       0.53   1.9407e+42   7.9482e+45   1.0000    -2.00  4.5988e+146
    54       0.54   1.9055e+42   7.8052e+45   1.0000    -2.00  4.5152e+146
    55       0.55   1.8714e+42   7.6644e+45   1.0000    -2.00  4.4345e+146
    56       0.56   1.8386e+42   7.5315e+45   1.0000    -2.00  4.3567e+146
    57       0.57   1.8069e+42   7.4010e+45   1.0000    -2.00  4.2816e+146
    58       0.58   1.7763e+42   7.2750e+45   1.0000    -2.00  4.2091e+146
    59       0.59   1.7467e+42   7.1545e+45   1.0000    -2.00  4.1389e+146
    60       0.60   1.7180e+42   7.0370e+45   1.0000    -2.00  4.0711e+146
    61       0.61   1.6903e+42   6.9234e+45   1.0000    -2.00  4.0054e+146
    62       0.62   1.6635e+42   6.8143e+45   1.0000    -2.00  3.9418e+146
    63       0.63   1.6375e+42   6.7070e+45   1.0000    -2.00  3.8802e+146
    64       0.64   1.6123e+42   6.6044e+45   1.0000    -2.00  3.8205e+146
    65       0.65   1.5879e+42   6.5031e+45   1.0000    -2.00  3.7626e+146
    66       0.66   1.5642e+42   6.4058e+45   1.0000    -2.00  3.7065e+146
    67       0.67   1.5412e+42   6.3139e+45   1.0000    -2.00  3.6520e+146
    68       0.68   1.5188e+42   6.2214e+45   1.0000    -2.00  3.5991e+146
    69       0.69   1.4971e+42   6.1333e+45   1.0000    -2.00  3.5476e+146
    70       0.70   1.4761e+42   6.0454e+45   1.0000    -2.00  3.4977e+146
    71       0.71   1.4556e+42   5.9628e+45   1.0000    -2.00  3.4491e+146
    72       0.72   1.4356e+42   5.8799e+45   1.0000    -2.00  3.4018e+146
    73       0.73   1.4162e+42   5.8001e+45   1.0000    -2.00  3.3559e+146
    74       0.74   1.3973e+42   5.7233e+45   1.0000    -2.00  3.3111e+146
    75       0.75   1.3789e+42   5.6476e+45   1.0000    -2.00  3.2676e+146
    76       0.76   1.3610e+42   5.5749e+45   1.0000    -2.00  3.2251e+146
    77       0.77   1.3436e+42   5.5033e+45   1.0000    -2.00  3.1838e+146
    78       0.78   1.3266e+42   5.4338e+45   1.0000    -2.00  3.1435e+146
    79       0.79   1.3100e+42   5.3663e+45   1.0000    -2.00  3.1042e+146
    80       0.80   1.2938e+42   5.3003e+45   1.0000    -2.00  3.0659e+146
    81       0.81   1.2780e+42   5.2347e+45   1.0000    -2.00  3.0285e+146
    82       0.82   1.2627e+42   5.1711e+45   1.0000    -2.00  2.9920e+146
    83       0.83   1.2476e+42   5.1111e+45   1.0000    -2.00  2.9564e+146
    84       0.84   1.2329e+42   5.0497e+45   1.0000    -2.00  2.9216e+146
    85       0.85   1.2186e+42   4.9908e+45   1.0000    -2.00  2.8876e+146
    86       0.86   1.2046e+42   4.9344e+45   1.0000    -2.00  2.8544e+146
    87       0.87   1.1909e+42   4.8781e+45   1.0000    -2.00  2.8220e+146
    88       0.88   1.1775e+42   4.8229e+45   1.0000    -2.00  2.7903e+146
    89       0.89   1.1644e+42   4.7690e+45   1.0000    -2.00  2.7593e+146
    90       0.90   1.1516e+42   4.7182e+45   1.0000    -2.00  2.7290e+146
    91       0.91   1.1391e+42   4.6654e+45   1.0000    -2.00  2.6993e+146
    92       0.92   1.1269e+42   4.6164e+45   1.0000    -2.00  2.6703e+146
    93       0.93   1.1149e+42   4.5667e+45   1.0000    -2.00  2.6419e+146
    94       0.94   1.1032e+42   4.5189e+45   1.0000    -2.00  2.6140e+146
    95       0.95   1.0917e+42   4.4717e+45   1.0000    -2.00  2.5868e+146
    96       0.96   1.0804e+42   4.4249e+45   1.0000    -2.00  2.5602e+146
    97       0.97   1.0694e+42   4.3804e+45   1.0000    -2.00  2.5340e+146
    98       0.98   1.0586e+42   4.3355e+45   1.0000    -2.00  2.5084e+146
    99       0.99   1.0480e+42   4.2914e+45   1.0000    -2.00  2.4833e+146
   100       1.00   1.0376e+42   4.2496e+45   1.0000    -2.00  2.4588e+146
   101       1.01   1.0275e+42   4.2080e+45   1.0000    -2.00  2.4347e+146
   102       1.02   1.0175e+42   4.1683e+45   1.0000    -2.00  2.4110e+146
   103       1.03   1.0077e+42   4.1280e+45   1.0000    -2.00  2.3878e+146
   104       1.04   9.9810e+41   4.0883e+45   1.0000    -2.00  2.3651e+146
   105       1.05   9.8868e+41   4.0495e+45   1.0000    -2.00  2.3428e+146
   106       1.06   9.7944e+41   4.0121e+45   1.0000    -2.00  2.3209e+146
   107       1.07   9.7037e+41   3.9746e+45   1.0000    -2.00  2.2994e+146
   108       1.08   9.6147e+41   3.9382e+45   1.0000    -2.00  2.2783e+146
   109       1.09   9.5273e+41   3.9028e+45   1.0000    -2.00  2.2576e+146
   110       1.10   9.4414e+41   3.8680e+45   1.0000    -2.00  2.2372e+146
   111       1.11   9.3571e+41   3.8325e+45   1.0000    -2.00  2.2173e+146
   112       1.12   9.2743e+41   3.7987e+45   1.0000    -2.00  2.1977e+146
   113       1.13   9.1930e+41   3.7659e+45   1.0000    -2.00  2.1784e+146
   114       1.14   9.1130e+41   3.7331e+45   1.0000    -2.00  2.1594e+146
   115       1.15   9.0345e+41   3.7005e+45   1.0000    -2.00  2.1408e+146
   116       1.16   8.9573e+41   3.6697e+45   1.0000    -2.00  2.1225e+146
   117       1.17   8.8814e+41   3.6379e+45   1.0000    -2.00  2.1045e+146
   118       1.18   8.8067e+41   3.6073e+45   1.0000    -2.00  2.0868e+146
   119       1.19   8.7333e+41   3.5770e+45   1.0000    -2.00  2.0695e+146
   120       1.20   8.6612e+41   3.5479e+45   1.0000    -2.00  2.0524e+146
   121       1.21   8.5902e+41   3.5188e+45   1.0000    -2.00  2.0355e+146
   122       1.22   8.5203e+41   3.4897e+45   1.0000    -2.00  2.0190e+146
   123       1.23   8.4516e+41   3.4615e+45   1.0000    -2.00  2.0027e+146
   124       1.24   8.3840e+41   3.4342e+45   1.0000    -2.00  1.9867e+146
   125       1.25   8.3175e+41   3.4067e+45   1.0000    -2.00  1.9709e+146
   126       1.26   8.2520e+41   3.3802e+45   1.0000    -2.00  1.9554e+146
   127       1.27   8.1875e+41   3.3536e+45   1.0000    -2.00  1.9401e+146
   128       1.28   8.1240e+41   3.3272e+45   1.0000    -2.00  1.9251e+146
   129       1.29   8.0615e+41   3.3025e+45   1.0000    -2.00  1.9103e+146
   130       1.30   8.0000e+41   3.2768e+45   1.0000    -2.00  1.8957e+146
   131       1.31   7.9394e+41   3.2516e+45   1.0000    -2.00  1.8813e+146
   132       1.32   7.8797e+41   3.2277e+45   1.0000    -2.00  1.8672e+146
   133       1.33   7.8209e+41   3.2035e+45   1.0000    -2.00  1.8532e+146
   134       1.34   7.7630e+41   3.1802e+45   1.0000    -2.00  1.8395e+146
   135       1.35   7.7059e+41   3.1561e+45   1.0000    -2.00  1.8260e+146
   136       1.36   7.6496e+41   3.1336e+45   1.0000    -2.00  1.8127e+146
   137       1.37   7.5942e+41   3.1108e+45   1.0000    -2.00  1.7995e+146
   138       1.38   7.5396e+41   3.0886e+45   1.0000    -2.00  1.7866e+146
   139       1.39   7.4857e+41   3.0662e+45   1.0000    -2.00  1.7738e+146
   140       1.40   7.4326e+41   3.0442e+45   1.0000    -2.00  1.7612e+146
   141       1.41   7.3803e+41   3.0232e+45   1.0000    -2.00  1.7488e+146
   142       1.42   7.3287e+41   3.0014e+45   1.0000    -2.00  1.7366e+146
   143       1.43   7.2778e+41   2.9809e+45   1.0000    -2.00  1.7245e+146
   144       1.44   7.2276e+41   2.9613e+45   1.0000    -2.00  1.7127e+146
   145       1.45   7.1781e+41   2.9401e+45   1.0000    -2.00  1.7009e+146
   146       1.46   7.1293e+41   2.9199e+45   1.0000    -2.00  1.6894e+146
   147       1.47   7.0811e+41   2.9003e+45   1.0000    -2.00  1.6779e+146
   148       1.48   7.0336e+41   2.8810e+45   1.0000    -2.00  1.6667e+146
   149       1.49   6.9867e+41   2.8623e+45   1.0000    -2.00  1.6556e+146
   150       1.50   6.9404e+41   2.8431e+45   1.0000    -2.00  1.6446e+146
   151       1.51   6.8947e+41   2.8243e+45   1.0000    -2.00  1.6338e+146
   152       1.52   6.8497e+41   2.8056e+45   1.0000    -2.00  1.6231e+146
   153       1.53   6.8052e+41   2.7875e+45   1.0000    -2.00  1.6126e+146
   154       1.54   6.7613e+41   2.7692e+45   1.0000    -2.00  1.6022e+146
   155       1.55   6.7179e+41   2.7515e+45   1.0000    -2.00  1.5919e+146
   156       1.56   6.6752e+41   2.7344e+45   1.0000    -2.00  1.5817e+146
   157       1.57   6.6329e+41   2.7168e+45   1.0000    -2.00  1.5717e+146
   158       1.58   6.5912e+41   2.6996e+45   1.0000    -2.00  1.5619e+146
   159       1.59   6.5500e+41   2.6829e+45   1.0000    -2.00  1.5521e+146
   160       1.60   6.5093e+41   2.6663e+45   1.0000    -2.00  1.5425e+146
   161       1.61   6.4691e+41   2.6493e+45   1.0000    -2.00  1.5329e+146
   162       1.62   6.4294e+41   2.6339e+45   1.0000    -2.00  1.5235e+146
   163       1.63   6.3902e+41   2.6176e+45   1.0000    -2.00  1.5142e+146
   164       1.64   6.3515e+41   2.6017e+45   1.0000    -2.00  1.5051e+146
   165       1.65   6.3133e+41   2.5858e+45   1.0000    -2.00  1.4960e+146
   166       1.66   6.2754e+41   2.5707e+45   1.0000    -2.00  1.4870e+146
   167       1.67   6.2381e+41   2.5550e+45   1.0000    -2.00  1.4782e+146
   168       1.68   6.2012e+41   2.5400e+45   1.0000    -2.00  1.4694e+146
   169       1.69   6.1647e+41   2.5247e+45   1.0000    -2.00  1.4608e+146
   170       1.70   6.1287e+41   2.5105e+45   1.0000    -2.00  1.4522e+146
   171       1.71   6.0930e+41   2.4959e+45   1.0000    -2.00  1.4438e+146
   172       1.72   6.0578e+41   2.4813e+45   1.0000    -2.00  1.4355e+146
   173       1.73   6.0230e+41   2.4673e+45   1.0000    -2.00  1.4272e+146
   174       1.74   5.9886e+41   2.4528e+45   1.0000    -2.00  1.4191e+146
   175       1.75   5.9545e+41   2.4390e+45   1.0000    -2.00  1.4110e+146
   176       1.76   5.9209e+41   2.4253e+45   1.0000    -2.00  1.4030e+146
   177       1.77   5.8876e+41   2.4119e+45   1.0000    -2.00  1.3951e+146
   178       1.78   5.8547e+41   2.3983e+45   1.0000    -2.00  1.3873e+146
   179       1.79   5.8222e+41   2.3851e+45   1.0000    -2.00  1.3796e+146
   180       1.80   5.7901e+41   2.3711e+45   1.0000    -2.00  1.3720e+146
   181       1.81   5.7582e+41   2.3584e+45   1.0000    -2.00  1.3645e+146
   182       1.82   5.7268e+41   2.3459e+45   1.0000    -2.00  1.3570e+146
   183       1.83   5.6957e+41   2.3331e+45   1.0000    -2.00  1.3496e+146
   184       1.84   5.6649e+41   2.3203e+45   1.0000    -2.00  1.3423e+146
   185       1.85   5.6344e+41   2.3078e+45   1.0000    -2.00  1.3351e+146
   186       1.86   5.6043e+41   2.2954e+45   1.0000    -2.00  1.3280e+146
   187       1.87   5.5745e+41   2.2832e+45   1.0000    -2.00  1.3209e+146
   188       1.88   5.5450e+41   2.2715e+45   1.0000    -2.00  1.3139e+146
   189       1.89   5.5158e+41   2.2593e+45   1.0000    -2.00  1.3070e+146
   190       1.90   5.4869e+41   2.2474e+45   1.0000    -2.00  1.3002e+146
   191       1.91   5.4583e+41   2.2362e+45   1.0000    -2.00  1.2934e+146
   192       1.92   5.4301e+41   2.2240e+45   1.0000    -2.00  1.2867e+146
   193       1.93   5.4021e+41   2.2129e+45   1.0000    -2.00  1.2801e+146
   194       1.94   5.3744e+41   2.2014e+45   1.0000    -2.00  1.2735e+146
   195       1.95   5.3469e+41   2.1902e+45   1.0000    -2.00  1.2670e+146
   196       1.96   5.3198e+41   2.1791e+45   1.0000    -2.00  1.2606e+146
   197       1.97   5.2929e+41   2.1680e+45   1.0000    -2.00  1.2542e+146
   198       1.98   5.2663e+41   2.1569e+45   1.0000    -2.00  1.2479e+146
   199       1.99   5.2400e+41   2.1465e+45   1.0000    -2.00  1.2417e+146
   200       2.00   5.2139e+41   2.1357e+45   1.0000    -2.00  1.2355e+146
   201       2.01   5.1881e+41   2.1253e+45   1.0000    -2.00  1.2294e+146
   202       2.02   5.1626e+41   2.1148e+45   1.0000    -2.00  1.2233e+146
   203       2.03   5.1373e+41   2.1041e+45   1.0000    -2.00  1.2173e+146
   204       2.04   5.1122e+41   2.0940e+45   1.0000    -2.00  1.2114e+146
   205       2.05   5.0874e+41   2.0838e+45   1.0000    -2.00  1.2055e+146
   206       2.06   5.0628e+41   2.0736e+45   1.0000    -2.00  1.1997e+146
   207       2.07   5.0385e+41   2.0639e+45   1.0000    -2.00  1.1939e+146
   208       2.08   5.0144e+41   2.0539e+45   1.0000    -2.00  1.1882e+146
   209       2.09   4.9905e+41   2.0445e+45   1.0000    -2.00  1.1825e+146
   210       2.10   4.9668e+41   2.0344e+45   1.0000    -2.00  1.1769e+146
   211       2.11   4.9434e+41   2.0249e+45   1.0000    -2.00  1.1714e+146
   212       2.12   4.9202e+41   2.0149e+45   1.0000    -2.00  1.1659e+146
   213       2.13   4.8972e+41   2.0057e+45   1.0000    -2.00  1.1604e+146
   214       2.14   4.8744e+41   1.9968e+45   1.0000    -2.00  1.1550e+146
   215       2.15   4.8519e+41   1.9870e+45   1.0000    -2.00  1.1497e+146
   216       2.16   4.8295e+41   1.9780e+45   1.0000    -2.00  1.1444e+146
   217       2.17   4.8073e+41   1.9690e+45   1.0000    -2.00  1.1391e+146
   218       2.18   4.7854e+41   1.9604e+45   1.0000    -2.00  1.1339e+146
   219       2.19   4.7636e+41   1.9512e+45   1.0000    -2.00  1.1288e+146
   220       2.20   4.7421e+41   1.9426e+45   1.0000    -2.00  1.1237e+146
   221       2.21   4.7207e+41   1.9335e+45   1.0000    -2.00  1.1186e+146
   222       2.22   4.6996e+41   1.9249e+45   1.0000    -2.00  1.1136e+146
   223       2.23   4.6786e+41   1.9166e+45   1.0000    -2.00  1.1086e+146
   224       2.24   4.6578e+41   1.9077e+45   1.0000    -2.00  1.1037e+146
   225       2.25   4.6372e+41   1.8993e+45   1.0000    -2.00  1.0988e+146
   226       2.26   4.6167e+41   1.8911e+45   1.0000    -2.00  1.0940e+146
   227       2.27   4.5965e+41   1.8826e+45   1.0000    -2.00  1.0892e+146
   228       2.28   4.5764e+41   1.8746e+45   1.0000    -2.00  1.0844e+146
   229       2.29   4.5565e+41   1.8665e+45   1.0000    -2.00  1.0797e+146
   230       2.30   4.5368e+41   1.8583e+45   1.0000    -2.00  1.0750e+146
   231       2.31   4.5172e+41   1.8502e+45   1.0000    -2.00  1.0704e+146
   232       2.32   4.4979e+41   1.8424e+45   1.0000    -2.00  1.0658e+146
   233       2.33   4.4786e+41   1.8345e+45   1.0000    -2.00  1.0613e+146
   234       2.34   4.4596e+41   1.8266e+45   1.0000    -2.00  1.0567e+146
   235       2.35   4.4407e+41   1.8188e+45   1.0000    -2.00  1.0523e+146
   236       2.36   4.4219e+41   1.8111e+45   1.0000    -2.00  1.0478e+146
   237       2.37   4.4034e+41   1.8034e+45   1.0000    -2.00  1.0434e+146
   238       2.38   4.3849e+41   1.7961e+45   1.0000    -2.00  1.0391e+146
   239       2.39   4.3667e+41   1.7885e+45   1.0000    -2.00  1.0347e+146
   240       2.40   4.3485e+41   1.7810e+45   1.0000    -2.00  1.0304e+146
   241       2.41   4.3306e+41   1.7735e+45   1.0000    -2.00  1.0262e+146
   242       2.42   4.3128e+41   1.7664e+45   1.0000    -2.00  1.0220e+146
   243       2.43   4.2951e+41   1.7594e+45   1.0000    -2.00  1.0178e+146
   244       2.44   4.2776e+41   1.7521e+45   1.0000    -2.00  1.0136e+146
   245       2.45   4.2602e+41   1.7451e+45   1.0000    -2.00  1.0095e+146
   246       2.46   4.2429e+41   1.7380e+45   1.0000    -2.00  1.0054e+146
   247       2.47   4.2258e+41   1.7309e+45   1.0000    -2.00  1.0013e+146
   248       2.48   4.2088e+41   1.7241e+45   1.0000    -2.00  9.9733e+145
   249       2.49   4.1920e+41   1.7167e+45   1.0000    -2.00  9.9334e+145
   250       2.50   4.1753e+41   1.7102e+45   1.0000    -2.00  9.8938e+145
   251       2.51   4.1587e+41   1.7036e+45   1.0000    -2.00  9.8545e+145
   252       2.52   4.1423e+41   1.6967e+45   1.0000    -2.00  9.8156e+145
   253       2.53   4.1260e+41   1.6900e+45   1.0000    -2.00  9.7770e+145
   254       2.54   4.1098e+41   1.6833e+45   1.0000    -2.00  9.7386e+145
   255       2.55   4.0937e+41   1.6769e+45   1.0000    -2.00  9.7006e+145
   256       2.56   4.0778e+41   1.6705e+45   1.0000    -2.00  9.6628e+145
   257       2.57   4.0620e+41   1.6640e+45   1.0000    -2.00  9.6254e+145
   258       2.58   4.0463e+41   1.6574e+45   1.0000    -2.00  9.5882e+145
   259       2.59   4.0308e+41   1.6512e+45   1.0000    -2.00  9.5513e+145
   260       2.60   4.0153e+41   1.6447e+45   1.0000    -2.00  9.5147e+145
   261       2.61   4.0000e+41   1.6385e+45   1.0000    -2.00  9.4784e+145
   262       2.62   3.9848e+41   1.6323e+45   1.0000    -2.00  9.4424e+145
   263       2.63   3.9697e+41   1.6260e+45   1.0000    -2.00  9.4066e+145
   264       2.64   3.9547e+41   1.6198e+45   1.0000    -2.00  9.3711e+145
   265       2.65   3.9398e+41   1.6138e+45   1.0000    -2.00  9.3359e+145
   266       2.66   3.9251e+41   1.6079e+45   1.0000    -2.00  9.3009e+145
   267       2.67   3.9104e+41   1.6019e+45   1.0000    -2.00  9.2662e+145
   268       2.68   3.8959e+41   1.5960e+45   1.0000    -2.00  9.2318e+145
   269       2.69   3.8815e+41   1.5898e+45   1.0000    -2.00  9.1976e+145
   270       2.70   3.8672e+41   1.5840e+45   1.0000    -2.00  9.1636e+145
   271       2.71   3.8529e+41   1.5781e+45   1.0000    -2.00  9.1299e+145
   272       2.72   3.8388e+41   1.5723e+45   1.0000    -2.00  9.0965e+145
   273       2.73   3.8248e+41   1.5666e+45   1.0000    -2.00  9.0633e+145
   274       2.74   3.8109e+41   1.5609e+45   1.0000    -2.00  9.0303e+145
   275       2.75   3.7971e+41   1.5552e+45   1.0000    -2.00  8.9976e+145
   276       2.76   3.7834e+41   1.5498e+45   1.0000    -2.00  8.9651e+145
   277       2.77   3.7698e+41   1.5442e+45   1.0000    -2.00  8.9329e+145
   278       2.78   3.7563e+41   1.5390e+45   1.0000    -2.00  8.9009e+145
   279       2.79   3.7429e+41   1.5330e+45   1.0000    -2.00  8.8691e+145
   280       2.80   3.7295e+41   1.5277e+45   1.0000    -2.00  8.8375e+145
   281       2.81   3.7163e+41   1.5221e+45   1.0000    -2.00  8.8062e+145
   282       2.82   3.7032e+41   1.5167e+45   1.0000    -2.00  8.7751e+145
   283       2.83   3.6901e+41   1.5115e+45   1.0000    -2.00  8.7442e+145
   284       2.84   3.6772e+41   1.5059e+45   1.0000    -2.00  8.7135e+145
   285       2.85   3.6643e+41   1.5010e+45   1.0000    -2.00  8.6830e+145
   286       2.86   3.6516e+41   1.4959e+45   1.0000    -2.00  8.6528e+145
   287       2.87   3.6389e+41   1.4904e+45   1.0000    -2.00  8.6227e+145
   288       2.88   3.6263e+41   1.4853e+45   1.0000    -2.00  8.5929e+145
   289       2.89   3.6138e+41   1.4802e+45   1.0000    -2.00  8.5633e+145
   290       2.90   3.6014e+41   1.4751e+45   1.0000    -2.00  8.5338e+145
   291       2.91   3.5890e+41   1.4699e+45   1.0000    -2.00  8.5046e+145
   292       2.92   3.5768e+41   1.4650e+45   1.0000    -2.00  8.4756e+145
   293       2.93   3.5646e+41   1.4600e+45   1.0000    -2.00  8.4468e+145
   294       2.94   3.5525e+41   1.4552e+45   1.0000    -2.00  8.4181e+145
   295       2.95   3.5405e+41   1.4502e+45   1.0000    -2.00  8.3897e+145
   296       2.96   3.5286e+41   1.4451e+45   1.0000    -2.00  8.3614e+145
   297       2.97   3.5168e+41   1.4403e+45   1.0000    -2.00  8.3334e+145
   298       2.98   3.5050e+41   1.4355e+45   1.0000    -2.00  8.3055e+145
   299       2.99   3.4933e+41   1.4309e+45   1.0000    -2.00  8.2778e+145
   300       3.00   3.4817e+41   1.4263e+45   1.0000    -2.00  8.2503e+145
   301       3.01   3.4702e+41   1.4214e+45   1.0000    -2.00  8.2230e+145
   302       3.02   3.4587e+41   1.4168e+45   1.0000    -2.00  8.1959e+145
   303       3.03   3.4474e+41   1.4120e+45   1.0000    -2.00  8.1689e+145
   304       3.04   3.4361e+41   1.4074e+45   1.0000    -2.00  8.1421e+145
   305       3.05   3.4248e+41   1.4025e+45   1.0000    -2.00  8.1155e+145
   306       3.06   3.4137e+41   1.3983e+45   1.0000    -2.00  8.0891e+145
   307       3.07   3.4026e+41   1.3935e+45   1.0000    -2.00  8.0628e+145
   308       3.08   3.3916e+41   1.3894e+45   1.0000    -2.00  8.0367e+145
   309       3.09   3.3806e+41   1.3846e+45   1.0000    -2.00  8.0108e+145
   310       3.10   3.3698e+41   1.3804e+45   1.0000    -2.00  7.9850e+145
   311       3.11   3.3590e+41   1.3761e+45   1.0000    -2.00  7.9594e+145
   312       3.12   3.3482e+41   1.3715e+45   1.0000    -2.00  7.9340e+145
   313       3.13   3.3376e+41   1.3670e+45   1.0000    -2.00  7.9087e+145
   314       3.14   3.3270e+41   1.3628e+45   1.0000    -2.00  7.8836e+145
   315       3.15   3.3165e+41   1.3585e+45   1.0000    -2.00  7.8587e+145
   316       3.16   3.3060e+41   1.3542e+45   1.0000    -2.00  7.8339e+145
   317       3.17   3.2956e+41   1.3499e+45   1.0000    -2.00  7.8093e+145
   318       3.18   3.2853e+41   1.3458e+45   1.0000    -2.00  7.7848e+145
   319       3.19   3.2750e+41   1.3415e+45   1.0000    -2.00  7.7605e+145
   320       3.20   3.2648e+41   1.3374e+45   1.0000    -2.00  7.7363e+145
   321       3.21   3.2547e+41   1.3334e+45   1.0000    -2.00  7.7123e+145
   322       3.22   3.2446e+41   1.3292e+45   1.0000    -2.00  7.6884e+145
   323       3.23   3.2346e+41   1.3252e+45   1.0000    -2.00  7.6646e+145
   324       3.24   3.2246e+41   1.3209e+45   1.0000    -2.00  7.6411e+145
   325       3.25   3.2147e+41   1.3167e+45   1.0000    -2.00  7.6176e+145
   326       3.26   3.2049e+41   1.3130e+45   1.0000    -2.00  7.5943e+145
   327       3.27   3.1951e+41   1.3086e+45   1.0000    -2.00  7.5712e+145
   328       3.28   3.1854e+41   1.3047e+45   1.0000    -2.00  7.5482e+145
   329       3.29   3.1758e+41   1.3010e+45   1.0000    -2.00  7.5253e+145
   330       3.30   3.1662e+41   1.2970e+45   1.0000    -2.00  7.5026e+145
   331       3.31   3.1566e+41   1.2930e+45   1.0000    -2.00  7.4800e+145
   332       3.32   3.1471e+41   1.2890e+45   1.0000    -2.00  7.4575e+145
   333       3.33   3.1377e+41   1.2850e+45   1.0000    -2.00  7.4352e+145
   334       3.34   3.1284e+41   1.2815e+45   1.0000    -2.00  7.4130e+145
   335       3.35   3.1190e+41   1.2777e+45   1.0000    -2.00  7.3909e+145
   336       3.36   3.1098e+41   1.2737e+45   1.0000    -2.00  7.3690e+145
   337       3.37   3.1006e+41   1.2700e+45   1.0000    -2.00  7.3472e+145
   338       3.38   3.0914e+41   1.2662e+45   1.0000    -2.00  7.3255e+145
   339       3.39   3.0824e+41   1.2625e+45   1.0000    -2.00  7.3040e+145
   340       3.40   3.0733e+41   1.2587e+45   1.0000    -2.00  7.2825e+145
   341       3.41   3.0643e+41   1.2554e+45   1.0000    -2.00  7.2612e+145
   342       3.42   3.0554e+41   1.2515e+45   1.0000    -2.00  7.2401e+145
   343       3.43   3.0465e+41   1.2479e+45   1.0000    -2.00  7.2190e+145
   344       3.44   3.0377e+41   1.2443e+45   1.0000    -2.00  7.1981e+145
   345       3.45   3.0289e+41   1.2406e+45   1.0000    -2.00  7.1773e+145
   346       3.46   3.0202e+41   1.2370e+45   1.0000    -2.00  7.1566e+145
   347       3.47   3.0115e+41   1.2333e+45   1.0000    -2.00  7.1361e+145
   348       3.48   3.0029e+41   1.2299e+45   1.0000    -2.00  7.1156e+145
   349       3.49   2.9943e+41   1.2264e+45   1.0000    -2.00  7.0953e+145
   350       3.50   2.9858e+41   1.2229e+45   1.0000    -2.00  7.0751e+145
   351       3.51   2.9773e+41   1.2195e+45   1.0000    -2.00  7.0550e+145
   352       3.52   2.9688e+41   1.2163e+45   1.0000    -2.00  7.0350e+145
   353       3.53   2.9605e+41   1.2128e+45   1.0000    -2.00  7.0151e+145
   354       3.54   2.9521e+41   1.2092e+45   1.0000    -2.00  6.9953e+145
   355       3.55   2.9438e+41   1.2058e+45   1.0000    -2.00  6.9757e+145
   356       3.56   2.9356e+41   1.2024e+45   1.0000    -2.00  6.9562e+145
   357       3.57   2.9274e+41   1.1992e+45   1.0000    -2.00  6.9367e+145
   358       3.58   2.9192e+41   1.1957e+45   1.0000    -2.00  6.9174e+145
   359       3.59   2.9111e+41   1.1924e+45   1.0000    -2.00  6.8982e+145
   360       3.60   2.9030e+41   1.1893e+45   1.0000    -2.00  6.8791e+145
   361       3.61   2.8950e+41   1.1860e+45   1.0000    -2.00  6.8601e+145
   362       3.62   2.8871e+41   1.1824e+45   1.0000    -2.00  6.8412e+145
   363       3.63   2.8791e+41   1.1793e+45   1.0000    -2.00  6.8224e+145
   364       3.64   2.8712e+41   1.1761e+45   1.0000    -2.00  6.8037e+145
   365       3.65   2.8634e+41   1.1727e+45   1.0000    -2.00  6.7851e+145
   366       3.66   2.8556e+41   1.1697e+45   1.0000    -2.00  6.7666e+145
   367       3.67   2.8478e+41   1.1663e+45   1.0000    -2.00  6.7482e+145
   368       3.68   2.8401e+41   1.1635e+45   1.0000    -2.00  6.7299e+145
   369       3.69   2.8324e+41   1.1601e+45   1.0000    -2.00  6.7117e+145
   370       3.70   2.8248e+41   1.1572e+45   1.0000    -2.00  6.6937e+145
   371       3.71   2.8172e+41   1.1541e+45   1.0000    -2.00  6.6757e+145
   372       3.72   2.8097e+41   1.1508e+45   1.0000    -2.00  6.6578e+145
   373       3.73   2.8021e+41   1.1477e+45   1.0000    -2.00  6.6400e+145
   374       3.74   2.7947e+41   1.1446e+45   1.0000    -2.00  6.6223e+145
   375       3.75   2.7872e+41   1.1418e+45   1.0000    -2.00  6.6046e+145
   376       3.76   2.7798e+41   1.1384e+45   1.0000    -2.00  6.5871e+145
   377       3.77   2.7725e+41   1.1356e+45   1.0000    -2.00  6.5697e+145
   378       3.78   2.7652e+41   1.1324e+45   1.0000    -2.00  6.5524e+145
   379       3.79   2.7579e+41   1.1299e+45   1.0000    -2.00  6.5351e+145
   380       3.80   2.7507e+41   1.1267e+45   1.0000    -2.00  6.5180e+145
   381       3.81   2.7435e+41   1.1237e+45   1.0000    -2.00  6.5009e+145
   382       3.82   2.7363e+41   1.1207e+45   1.0000    -2.00  6.4839e+145
   383       3.83   2.7292e+41   1.1178e+45   1.0000    -2.00  6.4670e+145
   384       3.84   2.7221e+41   1.1150e+45   1.0000    -2.00  6.4502e+145
   385       3.85   2.7150e+41   1.1121e+45   1.0000    -2.00  6.4335e+145
   386       3.86   2.7080e+41   1.1093e+45   1.0000    -2.00  6.4169e+145
   387       3.87   2.7010e+41   1.1065e+45   1.0000    -2.00  6.4004e+145
   388       3.88   2.6941e+41   1.1037e+45   1.0000    -2.00  6.3839e+145
   389       3.89   2.6872e+41   1.1005e+45   1.0000    -2.00  6.3676e+145
   390       3.90   2.6803e+41   1.0977e+45   1.0000    -2.00  6.3513e+145
   391       3.91   2.6735e+41   1.0951e+45   1.0000    -2.00  6.3351e+145
   392       3.92   2.6667e+41   1.0923e+45   1.0000    -2.00  6.3189e+145
   393       3.93   2.6599e+41   1.0896e+45   1.0000    -2.00  6.3029e+145
   394       3.94   2.6532e+41   1.0868e+45   1.0000    -2.00  6.2870e+145
   395       3.95   2.6465e+41   1.0840e+45   1.0000    -2.00  6.2711e+145
   396       3.96   2.6398e+41   1.0814e+45   1.0000    -2.00  6.2553e+145
   397       3.97   2.6332e+41   1.0786e+45   1.0000    -2.00  6.2396e+145
   398       3.98   2.6266e+41   1.0759e+45   1.0000    -2.00  6.2239e+145
   399       3.99   2.6200e+41   1.0732e+45   1.0000    -2.00  6.2084e+145
   400       4.00   2.6135e+41   1.0704e+45   1.0000    -2.00  6.1929e+145
   401       4.01   2.6070e+41   1.0679e+45   1.0000    -2.00  6.1775e+145
   402       4.02   2.6005e+41   1.0652e+45   1.0000    -2.00  6.1621e+145
   403       4.03   2.5941e+41   1.0624e+45   1.0000    -2.00  6.1469e+145
   404       4.04   2.5877e+41   1.0600e+45   1.0000    -2.00  6.1317e+145
   405       4.05   2.5813e+41   1.0572e+45   1.0000    -2.00  6.1166e+145
   406       4.06   2.5749e+41   1.0547e+45   1.0000    -2.00  6.1016e+145
   407       4.07   2.5686e+41   1.0520e+45   1.0000    -2.00  6.0866e+145
   408       4.08   2.5623e+41   1.0495e+45   1.0000    -2.00  6.0718e+145
   409       4.09   2.5561e+41   1.0469e+45   1.0000    -2.00  6.0569e+145
   410       4.10   2.5499e+41   1.0446e+45   1.0000    -2.00  6.0422e+145
   411       4.11   2.5437e+41   1.0420e+45   1.0000    -2.00  6.0275e+145
   412       4.12   2.5375e+41   1.0394e+45   1.0000    -2.00  6.0129e+145
   413       4.13   2.5314e+41   1.0371e+45   1.0000    -2.00  5.9984e+145
   414       4.14   2.5253e+41   1.0342e+45   1.0000    -2.00  5.9840e+145
   415       4.15   2.5192e+41   1.0318e+45   1.0000    -2.00  5.9696e+145
   416       4.16   2.5132e+41   1.0294e+45   1.0000    -2.00  5.9553e+145
   417       4.17   2.5072e+41   1.0271e+45   1.0000    -2.00  5.9410e+145
   418       4.18   2.5012e+41   1.0243e+45   1.0000    -2.00  5.9268e+145
   419       4.19   2.4952e+41   1.0220e+45   1.0000    -2.00  5.9127e+145
   420       4.20   2.4893e+41   1.0196e+45   1.0000    -2.00  5.8987e+145
   421       4.21   2.4834e+41   1.0174e+45   1.0000    -2.00  5.8847e+145
   422       4.22   2.4775e+41   1.0148e+45   1.0000    -2.00  5.8708e+145
   423       4.23   2.4717e+41   1.0123e+45   1.0000    -2.00  5.8569e+145
   424       4.24   2.4659e+41   1.0100e+45   1.0000    -2.00  5.8432e+145
   425       4.25   2.4601e+41   1.0077e+45   1.0000    -2.00  5.8295e+145
   426       4.26   2.4543e+41   1.0053e+45   1.0000    -2.00  5.8158e+145
   427       4.27   2.4486e+41   1.0030e+45   1.0000    -2.00  5.8022e+145
   428       4.28   2.4429e+41   1.0005e+45   1.0000    -2.00  5.7887e+145
   429       4.29   2.4372e+41   9.9819e+44   1.0000    -2.00  5.7752e+145
   430       4.30   2.4316e+41   9.9610e+44   1.0000    -2.00  5.7618e+145
   431       4.31   2.4259e+41   9.9359e+44   1.0000    -2.00  5.7485e+145
   432       4.32   2.4203e+41   9.9140e+44   1.0000    -2.00  5.7352e+145
   433       4.33   2.4147e+41   9.8913e+44   1.0000    -2.00  5.7220e+145
   434       4.34   2.4092e+41   9.8688e+44   1.0000    -2.00  5.7088e+145
   435       4.35   2.4037e+41   9.8468e+44   1.0000    -2.00  5.6957e+145
   436       4.36   2.3982e+41   9.8228e+44   1.0000    -2.00  5.6827e+145
   437       4.37   2.3927e+41   9.8010e+44   1.0000    -2.00  5.6697e+145
   438       4.38   2.3872e+41   9.7775e+44   1.0000    -2.00  5.6568e+145
   439       4.39   2.3818e+41   9.7547e+44   1.0000    -2.00  5.6440e+145
   440       4.40   2.3764e+41   9.7343e+44   1.0000    -2.00  5.6312e+145
   441       4.41   2.3710e+41   9.7113e+44   1.0000    -2.00  5.6184e+145
   442       4.42   2.3657e+41   9.6888e+44   1.0000    -2.00  5.6057e+145
   443       4.43   2.3604e+41   9.6681e+44   1.0000    -2.00  5.5931e+145
   444       4.44   2.3551e+41   9.6451e+44   1.0000    -2.00  5.5806e+145
   445       4.45   2.3498e+41   9.6239e+44   1.0000    -2.00  5.5680e+145
   446       4.46   2.3445e+41   9.6043e+44   1.0000    -2.00  5.5556e+145
   447       4.47   2.3393e+41   9.5829e+44   1.0000    -2.00  5.5432e+145
   448       4.48   2.3341e+41   9.5601e+44   1.0000    -2.00  5.5308e+145
   449       4.49   2.3289e+41   9.5398e+44   1.0000    -2.00  5.5185e+145
   450       4.50   2.3237e+41   9.5190e+44   1.0000    -2.00  5.5063e+145
   451       4.51   2.3186e+41   9.4978e+44   1.0000    -2.00  5.4941e+145
   452       4.52   2.3135e+41   9.4754e+44   1.0000    -2.00  5.4820e+145
   453       4.53   2.3084e+41   9.4551e+44   1.0000    -2.00  5.4699e+145
   454       4.54   2.3033e+41   9.4342e+44   1.0000    -2.00  5.4579e+145
   455       4.55   2.2982e+41   9.4146e+44   1.0000    -2.00  5.4459e+145
   456       4.56   2.2932e+41   9.3939e+44   1.0000    -2.00  5.4340e+145
   457       4.57   2.2882e+41   9.3736e+44   1.0000    -2.00  5.4222e+145
   458       4.58   2.2832e+41   9.3513e+44   1.0000    -2.00  5.4103e+145
   459       4.59   2.2783e+41   9.3323e+44   1.0000    -2.00  5.3986e+145
   460       4.60   2.2733e+41   9.3115e+44   1.0000    -2.00  5.3869e+145
   461       4.61   2.2684e+41   9.2915e+44   1.0000    -2.00  5.3752e+145
   462       4.62   2.2635e+41   9.2713e+44   1.0000    -2.00  5.3636e+145
   463       4.63   2.2586e+41   9.2506e+44   1.0000    -2.00  5.3520e+145
   464       4.64   2.2538e+41   9.2331e+44   1.0000    -2.00  5.3405e+145
   465       4.65   2.2489e+41   9.2106e+44   1.0000    -2.00  5.3291e+145
   466       4.66   2.2441e+41   9.1918e+44   1.0000    -2.00  5.3177e+145
   467       4.67   2.2393e+41   9.1722e+44   1.0000    -2.00  5.3063e+145
   468       4.68   2.2345e+41   9.1535e+44   1.0000    -2.00  5.2950e+145
   469       4.69   2.2298e+41   9.1326e+44   1.0000    -2.00  5.2837e+145
   470       4.70   2.2251e+41   9.1135e+44   1.0000    -2.00  5.2725e+145
   471       4.71   2.2203e+41   9.0953e+44   1.0000    -2.00  5.2613e+145
   472       4.72   2.2156e+41   9.0749e+44   1.0000    -2.00  5.2502e+145
   473       4.73   2.2110e+41   9.0583e+44   1.0000    -2.00  5.2391e+145
   474       4.74   2.2063e+41   9.0370e+44   1.0000    -2.00  5.2281e+145
   475       4.75   2.2017e+41   9.0178e+44   1.0000    -2.00  5.2171e+145
   476       4.76   2.1971e+41   8.9988e+44   1.0000    -2.00  5.2062e+145
   477       4.77   2.1925e+41   8.9794e+44   1.0000    -2.00  5.1953e+145
   478       4.78   2.1879e+41   8.9616e+44   1.0000    -2.00  5.1844e+145
   479       4.79   2.1833e+41   8.9434e+44   1.0000    -2.00  5.1736e+145
   480       4.80   2.1788e+41   8.9254e+44   1.0000    -2.00  5.1629e+145
   481       4.81   2.1743e+41   8.9064e+44   1.0000    -2.00  5.1522e+145
   482       4.82   2.1698e+41   8.8866e+44   1.0000    -2.00  5.1415e+145
   483       4.83   2.1653e+41   8.8678e+44   1.0000    -2.00  5.1309e+145
   484       4.84   2.1608e+41   8.8508e+44   1.0000    -2.00  5.1203e+145
   485       4.85   2.1564e+41   8.8324e+44   1.0000    -2.00  5.1098e+145
   486       4.86   2.1520e+41   8.8146e+44   1.0000    -2.00  5.0993e+145
   487       4.87   2.1475e+41   8.7967e+44   1.0000    -2.00  5.0888e+145
   488       4.88   2.1431e+41   8.7793e+44   1.0000    -2.00  5.0784e+145
   489       4.89   2.1388e+41   8.7606e+44   1.0000    -2.00  5.0681e+145
   490       4.90   2.1344e+41   8.7439e+44   1.0000    -2.00  5.0577e+145
   491       4.91   2.1301e+41   8.7249e+44   1.0000    -2.00  5.0475e+145
   492       4.92   2.1258e+41   8.7070e+44   1.0000    -2.00  5.0372e+145
   493       4.93   2.1215e+41   8.6901e+44   1.0000    -2.00  5.0270e+145
   494       4.94   2.1172e+41   8.6716e+44   1.0000    -2.00  5.0169e+145
   495       4.95   2.1129e+41   8.6529e+44   1.0000    -2.00  5.0067e+145
   496       4.96   2.1087e+41   8.6367e+44   1.0000    -2.00  4.9967e+145
   497       4.97   2.1044e+41   8.6192e+44   1.0000    -2.00  4.9866e+145
   498       4.98   2.1002e+41   8.6034e+44   1.0000    -2.00  4.9766e+145
   499       4.99   2.0960e+41   8.5840e+44   1.0000    -2.00  4.9667e+145
   500       5.00   2.0918e+41   8.5686e+44   1.0000    -2.00  4.9568e+145
   501       5.01   2.0876e+41   8.5515e+44   1.0000    -2.00  4.9469e+145
   502       5.02   2.0835e+41   8.5336e+44   1.0000    -2.00  4.9371e+145
   503       5.03   2.0794e+41   8.5192e+44   1.0000    -2.00  4.9273e+145
   504       5.04   2.0752e+41   8.5001e+44   1.0000    -2.00  4.9175e+145
   505       5.05   2.0711e+41   8.4823e+44   1.0000    -2.00  4.9078e+145
   506       5.06   2.0671e+41   8.4653e+44   1.0000    -2.00  4.8981e+145
   507       5.07   2.0630e+41   8.4486e+44   1.0000    -2.00  4.8885e+145
   508       5.08   2.0589e+41   8.4350e+44   1.0000    -2.00  4.8789e+145
   509       5.09   2.0549e+41   8.4167e+44   1.0000    -2.00  4.8693e+145
   510       5.10   2.0509e+41   8.4002e+44   1.0000    -2.00  4.8598e+145
   511       5.11   2.0469e+41   8.3836e+44   1.0000    -2.00  4.8503e+145
   512       5.12   2.0429e+41   8.3689e+44   1.0000    -2.00  4.8408e+145
   513       5.13   2.0389e+41   8.3526e+44   1.0000    -2.00  4.8314e+145
   514       5.14   2.0350e+41   8.3351e+44   1.0000    -2.00  4.8220e+145
   515       5.15   2.0310e+41   8.3202e+44   1.0000    -2.00  4.8127e+145
   516       5.16   2.0271e+41   8.3038e+44   1.0000    -2.00  4.8034e+145
   517       5.17   2.0232e+41   8.2878e+44   1.0000    -2.00  4.7941e+145
   518       5.18   2.0193e+41   8.2705e+44   1.0000    -2.00  4.7849e+145
   519       5.19   2.0154e+41   8.2563e+44   1.0000    -2.00  4.7757e+145
   520       5.20   2.0115e+41   8.2411e+44   1.0000    -2.00  4.7665e+145
   521       5.21   2.0077e+41   8.2254e+44   1.0000    -2.00  4.7574e+145
   522       5.22   2.0038e+41   8.2088e+44   1.0000    -2.00  4.7483e+145
   523       5.23   2.0000e+41   8.1936e+44   1.0000    -2.00  4.7392e+145
   524       5.24   1.9962e+41   8.1759e+44   1.0000    -2.00  4.7302e+145
   525       5.25   1.9924e+41   8.1615e+44   1.0000    -2.00  4.7212e+145
   526       5.26   1.9886e+41   8.1463e+44   1.0000    -2.00  4.7122e+145
   527       5.27   1.9848e+41   8.1296e+44   1.0000    -2.00  4.7033e+145
   528       5.28   1.9811e+41   8.1135e+44   1.0000    -2.00  4.6944e+145
   529       5.29   1.9774e+41   8.0989e+44   1.0000    -2.00  4.6856e+145
   530       5.30   1.9736e+41   8.0845e+44   1.0000    -2.00  4.6767e+145
   531       5.31   1.9699e+41   8.0686e+44   1.0000    -2.00  4.6679e+145
   532       5.32   1.9662e+41   8.0539e+44   1.0000    -2.00  4.6592e+145
   533       5.33   1.9625e+41   8.0390e+44   1.0000    -2.00  4.6505e+145
   534       5.34   1.9589e+41   8.0244e+44   1.0000    -2.00  4.6418e+145
   535       5.35   1.9552e+41   8.0091e+44   1.0000    -2.00  4.6331e+145
   536       5.36   1.9516e+41   7.9928e+44   1.0000    -2.00  4.6245e+145
   537       5.37   1.9480e+41   7.9780e+44   1.0000    -2.00  4.6159e+145
   538       5.38   1.9443e+41   7.9646e+44   1.0000    -2.00  4.6073e+145
   539       5.39   1.9407e+41   7.9495e+44   1.0000    -2.00  4.5988e+145
   540       5.40   1.9372e+41   7.9360e+44   1.0000    -2.00  4.5903e+145
   541       5.41   1.9336e+41   7.9198e+44   1.0000    -2.00  4.5818e+145
   542       5.42   1.9300e+41   7.9061e+44   1.0000    -2.00  4.5734e+145
   543       5.43   1.9265e+41   7.8919e+44   1.0000    -2.00  4.5650e+145
   544       5.44   1.9229e+41   7.8773e+44   1.0000    -2.00  4.5566e+145
   545       5.45   1.9194e+41   7.8628e+44   1.0000    -2.00  4.5483e+145
   546       5.46   1.9159e+41   7.8467e+44   1.0000    -2.00  4.5399e+145
   547       5.47   1.9124e+41   7.8322e+44   1.0000    -2.00  4.5317e+145
   548       5.48   1.9089e+41   7.8193e+44   1.0000    -2.00  4.5234e+145
   549       5.49   1.9055e+41   7.8041e+44   1.0000    -2.00  4.5152e+145
   550       5.50   1.9020e+41   7.7904e+44   1.0000    -2.00  4.5070e+145
   551       5.51   1.8986e+41   7.7767e+44   1.0000    -2.00  4.4988e+145
   552       5.52   1.8951e+41   7.7623e+44   1.0000    -2.00  4.4907e+145
   553       5.53   1.8917e+41   7.7480e+44   1.0000    -2.00  4.4826e+145
   554       5.54   1.8883e+41   7.7359e+44   1.0000    -2.00  4.4745e+145
   555       5.55   1.8849e+41   7.7205e+44   1.0000    -2.00  4.4664e+145
   556       5.56   1.8815e+41   7.7045e+44   1.0000    -2.00  4.4584e+145
   557       5.57   1.8781e+41   7.6938e+44   1.0000    -2.00  4.4504e+145
   558       5.58   1.8748e+41   7.6797e+44   1.0000    -2.00  4.4425e+145
   559       5.59   1.8714e+41   7.6649e+44   1.0000    -2.00  4.4345e+145
   560       5.60   1.8681e+41   7.6519e+44   1.0000    -2.00  4.4266e+145
   561       5.61   1.8648e+41   7.6367e+44   1.0000    -2.00  4.4188e+145
   562       5.62   1.8615e+41   7.6245e+44   1.0000    -2.00  4.4109e+145
   563       5.63   1.8582e+41   7.6109e+44   1.0000    -2.00  4.4031e+145
   564       5.64   1.8549e+41   7.5981e+44   1.0000    -2.00  4.3953e+145
   565       5.65   1.8516e+41   7.5842e+44   1.0000    -2.00  4.3875e+145
   566       5.66   1.8483e+41   7.5688e+44   1.0000    -2.00  4.3798e+145
   567       5.67   1.8451e+41   7.5569e+44   1.0000    -2.00  4.3721e+145
   568       5.68   1.8418e+41   7.5439e+44   1.0000    -2.00  4.3644e+145
   569       5.69   1.8386e+41   7.5305e+44   1.0000    -2.00  4.3567e+145
   570       5.70   1.8354e+41   7.5177e+44   1.0000    -2.00  4.3491e+145
   571       5.71   1.8322e+41   7.5050e+44   1.0000    -2.00  4.3415e+145
   572       5.72   1.8290e+41   7.4915e+44   1.0000    -2.00  4.3339e+145
   573       5.73   1.8258e+41   7.4790e+44   1.0000    -2.00  4.3264e+145
   574       5.74   1.8226e+41   7.4662e+44   1.0000    -2.00  4.3189e+145
   575       5.75   1.8194e+41   7.4524e+44   1.0000    -2.00  4.3114e+145
   576       5.76   1.8163e+41   7.4382e+44   1.0000    -2.00  4.3039e+145
   577       5.77   1.8131e+41   7.4257e+44   1.0000    -2.00  4.2964e+145
   578       5.78   1.8100e+41   7.4135e+44   1.0000    -2.00  4.2890e+145
   579       5.79   1.8069e+41   7.4012e+44   1.0000    -2.00  4.2816e+145
   580       5.80   1.8038e+41   7.3871e+44   1.0000    -2.00  4.2743e+145
   581       5.81   1.8007e+41   7.3755e+44   1.0000    -2.00  4.2669e+145
   582       5.82   1.7976e+41   7.3624e+44   1.0000    -2.00  4.2596e+145
   583       5.83   1.7945e+41   7.3511e+44   1.0000    -2.00  4.2523e+145
   584       5.84   1.7915e+41   7.3386e+44   1.0000    -2.00  4.2450e+145
   585       5.85   1.7884e+41   7.3255e+44   1.0000    -2.00  4.2378e+145
   586       5.86   1.7853e+41   7.3134e+44   1.0000    -2.00  4.2306e+145
   587       5.87   1.7823e+41   7.2993e+44   1.0000    -2.00  4.2234e+145
   588       5.88   1.7793e+41   7.2873e+44   1.0000    -2.00  4.2162e+145
   589       5.89   1.7763e+41   7.2769e+44   1.0000    -2.00  4.2091e+145
   590       5.90   1.7733e+41   7.2631e+44   1.0000    -2.00  4.2019e+145
   591       5.91   1.7703e+41   7.2513e+44   1.0000    -2.00  4.1948e+145
   592       5.92   1.7673e+41   7.2397e+44   1.0000    -2.00  4.1878e+145
   593       5.93   1.7643e+41   7.2263e+44   1.0000    -2.00  4.1807e+145
   594       5.94   1.7613e+41   7.2142e+44   1.0000    -2.00  4.1737e+145
   595       5.95   1.7584e+41   7.2014e+44   1.0000    -2.00  4.1667e+145
   596       5.96   1.7554e+41   7.1898e+44   1.0000    -2.00  4.1597e+145
   597       5.97   1.7525e+41   7.1775e+44   1.0000    -2.00  4.1528e+145
   598       5.98   1.7496e+41   7.1680e+44   1.0000    -2.00  4.1458e+145
   599       5.99   1.7467e+41   7.1541e+44   1.0000    -2.00  4.1389e+145
   600       6.00   1.7438e+41   7.1431e+44   1.0000    -2.00  4.1320e+145
   601       6.01   1.7409e+41   7.1310e+44   1.0000    -2.00  4.1252e+145
   602       6.02   1.7380e+41   7.1190e+44   1.0000    -2.00  4.1183e+145
   603       6.03   1.7351e+41   7.1071e+44   1.0000    -2.00  4.1115e+145
   604       6.04   1.7322e+41   7.0952e+44   1.0000    -2.00  4.1047e+145
   605       6.05   1.7294e+41   7.0829e+44   1.0000    -2.00  4.0979e+145
   606       6.06   1.7265e+41   7.0704e+44   1.0000    -2.00  4.0912e+145
   607       6.07   1.7237e+41   7.0594e+44   1.0000    -2.00  4.0845e+145
   608       6.08   1.7209e+41   7.0483e+44   1.0000    -2.00  4.0777e+145
   609       6.09   1.7180e+41   7.0376e+44   1.0000    -2.00  4.0711e+145
   610       6.10   1.7152e+41   7.0254e+44   1.0000    -2.00  4.0644e+145
   611       6.11   1.7124e+41   7.0141e+44   1.0000    -2.00  4.0578e+145
   612       6.12   1.7096e+41   7.0010e+44   1.0000    -2.00  4.0511e+145
   613       6.13   1.7068e+41   6.9918e+44   1.0000    -2.00  4.0445e+145
   614       6.14   1.7041e+41   6.9805e+44   1.0000    -2.00  4.0380e+145
   615       6.15   1.7013e+41   6.9693e+44   1.0000    -2.00  4.0314e+145
   616       6.16   1.6985e+41   6.9562e+44   1.0000    -2.00  4.0249e+145
   617       6.17   1.6958e+41   6.9457e+44   1.0000    -2.00  4.0184e+145
   618       6.18   1.6931e+41   6.9351e+44   1.0000    -2.00  4.0119e+145
   619       6.19   1.6903e+41   6.9241e+44   1.0000    -2.00  4.0054e+145
   620       6.20   1.6876e+41   6.9116e+44   1.0000    -2.00  3.9989e+145
   621       6.21   1.6849e+41   6.9014e+44   1.0000    -2.00  3.9925e+145
   622       6.22   1.6822e+41   6.8904e+44   1.0000    -2.00  3.9861e+145
   623       6.23   1.6795e+41   6.8794e+44   1.0000    -2.00  3.9797e+145
   624       6.24   1.6768e+41   6.8686e+44   1.0000    -2.00  3.9734e+145
   625       6.25   1.6741e+41   6.8574e+44   1.0000    -2.00  3.9670e+145
   626       6.26   1.6715e+41   6.8456e+44   1.0000    -2.00  3.9607e+145
   627       6.27   1.6688e+41   6.8352e+44   1.0000    -2.00  3.9544e+145
   628       6.28   1.6661e+41   6.8233e+44   1.0000    -2.00  3.9481e+145
   629       6.29   1.6635e+41   6.8134e+44   1.0000    -2.00  3.9418e+145
   630       6.30   1.6609e+41   6.8040e+44   1.0000    -2.00  3.9356e+145
   631       6.31   1.6582e+41   6.7915e+44   1.0000    -2.00  3.9293e+145
   632       6.32   1.6556e+41   6.7811e+44   1.0000    -2.00  3.9231e+145
   633       6.33   1.6530e+41   6.7711e+44   1.0000    -2.00  3.9169e+145
   634       6.34   1.6504e+41   6.7594e+44   1.0000    -2.00  3.9108e+145
   635       6.35   1.6478e+41   6.7511e+44   1.0000    -2.00  3.9046e+145
   636       6.36   1.6452e+41   6.7385e+44   1.0000    -2.00  3.8985e+145
   637       6.37   1.6426e+41   6.7281e+44   1.0000    -2.00  3.8924e+145
   638       6.38   1.6401e+41   6.7188e+44   1.0000    -2.00  3.8863e+145
   639       6.39   1.6375e+41   6.7080e+44   1.0000    -2.00  3.8802e+145
   640       6.40   1.6349e+41   6.6967e+44   1.0000    -2.00  3.8742e+145
   641       6.41   1.6324e+41   6.6854e+44   1.0000    -2.00  3.8681e+145
   642       6.42   1.6299e+41   6.6758e+44   1.0000    -2.00  3.8621e+145
   643       6.43   1.6273e+41   6.6659e+44   1.0000    -2.00  3.8561e+145
   644       6.44   1.6248e+41   6.6553e+44   1.0000    -2.00  3.8501e+145
   645       6.45   1.6223e+41   6.6457e+44   1.0000    -2.00  3.8442e+145
   646       6.46   1.6198e+41   6.6353e+44   1.0000    -2.00  3.8382e+145
   647       6.47   1.6173e+41   6.6252e+44   1.0000    -2.00  3.8323e+145
   648       6.48   1.6148e+41   6.6151e+44   1.0000    -2.00  3.8264e+145
   649       6.49   1.6123e+41   6.6053e+44   1.0000    -2.00  3.8205e+145
   650       6.50   1.6098e+41   6.5948e+44   1.0000    -2.00  3.8147e+145
   651       6.51   1.6074e+41   6.5844e+44   1.0000    -2.00  3.8088e+145
   652       6.52   1.6049e+41   6.5733e+44   1.0000    -2.00  3.8030e+145
   653       6.53   1.6024e+41   6.5639e+44   1.0000    -2.00  3.7972e+145
   654       6.54   1.6000e+41   6.5544e+44   1.0000    -2.00  3.7914e+145
   655       6.55   1.5976e+41   6.5433e+44   1.0000    -2.00  3.7856e+145
   656       6.56   1.5951e+41   6.5326e+44   1.0000    -2.00  3.7798e+145
   657       6.57   1.5927e+41   6.5238e+44   1.0000    -2.00  3.7741e+145
   658       6.58   1.5903e+41   6.5145e+44   1.0000    -2.00  3.7684e+145
   659       6.59   1.5879e+41   6.5042e+44   1.0000    -2.00  3.7626e+145
   660       6.60   1.5855e+41   6.4947e+44   1.0000    -2.00  3.7570e+145
   661       6.61   1.5831e+41   6.4848e+44   1.0000    -2.00  3.7513e+145
   662       6.62   1.5807e+41   6.4743e+44   1.0000    -2.00  3.7456e+145
   663       6.63   1.5783e+41   6.4650e+44   1.0000    -2.00  3.7400e+145
   664       6.64   1.5759e+41   6.4545e+44   1.0000    -2.00  3.7344e+145
   665       6.65   1.5736e+41   6.4452e+44   1.0000    -2.00  3.7287e+145
   666       6.66   1.5712e+41   6.4359e+44   1.0000    -2.00  3.7232e+145
   667       6.67   1.5689e+41   6.4255e+44   1.0000    -2.00  3.7176e+145
   668       6.68   1.5665e+41   6.4174e+44   1.0000    -2.00  3.7120e+145
   669       6.69   1.5642e+41   6.4078e+44   1.0000    -2.00  3.7065e+145
   670       6.70   1.5618e+41   6.3962e+44   1.0000    -2.00  3.7010e+145
   671       6.71   1.5595e+41   6.3877e+44   1.0000    -2.00  3.6955e+145
   672       6.72   1.5572e+41   6.3788e+44   1.0000    -2.00  3.6900e+145
   673       6.73   1.5549e+41   6.3693e+44   1.0000    -2.00  3.6845e+145
   674       6.74   1.5526e+41   6.3599e+44   1.0000    -2.00  3.6790e+145
   675       6.75   1.5503e+41   6.3502e+44   1.0000    -2.00  3.6736e+145
   676       6.76   1.5480e+41   6.3421e+44   1.0000    -2.00  3.6682e+145
   677       6.77   1.5457e+41   6.3316e+44   1.0000    -2.00  3.6628e+145
   678       6.78   1.5434e+41   6.3226e+44   1.0000    -2.00  3.6574e+145
   679       6.79   1.5412e+41   6.3127e+44   1.0000    -2.00  3.6520e+145
   680       6.80   1.5389e+41   6.3036e+44   1.0000    -2.00  3.6466e+145
   681       6.81   1.5367e+41   6.2943e+44   1.0000    -2.00  3.6413e+145
   682       6.82   1.5344e+41   6.2852e+44   1.0000    -2.00  3.6359e+145
   683       6.83   1.5322e+41   6.2768e+44   1.0000    -2.00  3.6306e+145
   684       6.84   1.5299e+41   6.2661e+44   1.0000    -2.00  3.6253e+145
   685       6.85   1.5277e+41   6.2565e+44   1.0000    -2.00  3.6200e+145
   686       6.86   1.5255e+41   6.2490e+44   1.0000    -2.00  3.6148e+145
   687       6.87   1.5233e+41   6.2394e+44   1.0000    -2.00  3.6095e+145
   688       6.88   1.5210e+41   6.2307e+44   1.0000    -2.00  3.6043e+145
   689       6.89   1.5188e+41   6.2223e+44   1.0000    -2.00  3.5991e+145
   690       6.90   1.5166e+41   6.2124e+44   1.0000    -2.00  3.5938e+145
   691       6.91   1.5145e+41   6.2047e+44   1.0000    -2.00  3.5887e+145
   692       6.92   1.5123e+41   6.1947e+44   1.0000    -2.00  3.5835e+145
   693       6.93   1.5101e+41   6.1859e+44   1.0000    -2.00  3.5783e+145
   694       6.94   1.5079e+41   6.1770e+44   1.0000    -2.00  3.5732e+145
   695       6.95   1.5057e+41   6.1667e+44   1.0000    -2.00  3.5680e+145
   696       6.96   1.5036e+41   6.1572e+44   1.0000    -2.00  3.5629e+145
   697       6.97   1.5014e+41   6.1499e+44   1.0000    -2.00  3.5578e+145
   698       6.98   1.4993e+41   6.1414e+44   1.0000    -2.00  3.5527e+145
   699       6.99   1.4971e+41   6.1321e+44   1.0000    -2.00  3.5476e+145
   700       7.00   1.4950e+41   6.1243e+44   1.0000    -2.00  3.5426e+145
   701       7.01   1.4929e+41   6.1151e+44   1.0000    -2.00  3.5375e+145
   702       7.02   1.4908e+41   6.1064e+44   1.0000    -2.00  3.5325e+145
   703       7.03   1.4886e+41   6.0979e+44   1.0000    -2.00  3.5275e+145
   704       7.04   1.4865e+41   6.0895e+44   1.0000    -2.00  3.5225e+145
   705       7.05   1.4844e+41   6.0792e+44   1.0000    -2.00  3.5175e+145
   706       7.06   1.4823e+41   6.0729e+44   1.0000    -2.00  3.5125e+145
   707       7.07   1.4802e+41   6.0639e+44   1.0000    -2.00  3.5076e+145
   708       7.08   1.4781e+41   6.0541e+44   1.0000    -2.00  3.5026e+145
   709       7.09   1.4761e+41   6.0466e+44   1.0000    -2.00  3.4977e+145
   710       7.10   1.4740e+41   6.0388e+44   1.0000    -2.00  3.4928e+145
   711       7.11   1.4719e+41   6.0290e+44   1.0000    -2.00  3.4878e+145
   712       7.12   1.4698e+41   6.0207e+44   1.0000    -2.00  3.4830e+145
   713       7.13   1.4678e+41   6.0132e+44   1.0000    -2.00  3.4781e+145
   714       7.14   1.4657e+41   6.0044e+44   1.0000    -2.00  3.4732e+145
   715       7.15   1.4637e+41   5.9959e+44   1.0000    -2.00  3.4684e+145
   716       7.16   1.4616e+41   5.9871e+44   1.0000    -2.00  3.4635e+145
   717       7.17   1.4596e+41   5.9784e+44   1.0000    -2.00  3.4587e+145
   718       7.18   1.4576e+41   5.9712e+44   1.0000    -2.00  3.4539e+145
   719       7.19   1.4556e+41   5.9628e+44   1.0000    -2.00  3.4491e+145
   720       7.20   1.4535e+41   5.9536e+44   1.0000    -2.00  3.4443e+145
   721       7.21   1.4515e+41   5.9451e+44   1.0000    -2.00  3.4395e+145
   722       7.22   1.4495e+41   5.9368e+44   1.0000    -2.00  3.4348e+145
   723       7.23   1.4475e+41   5.9290e+44   1.0000    -2.00  3.4300e+145
   724       7.24   1.4455e+41   5.9195e+44   1.0000    -2.00  3.4253e+145
   725       7.25   1.4435e+41   5.9128e+44   1.0000    -2.00  3.4206e+145
   726       7.26   1.4415e+41   5.9049e+44   1.0000    -2.00  3.4159e+145
   727       7.27   1.4396e+41   5.8982e+44   1.0000    -2.00  3.4112e+145
   728       7.28   1.4376e+41   5.8886e+44   1.0000    -2.00  3.4065e+145
   729       7.29   1.4356e+41   5.8801e+44   1.0000    -2.00  3.4018e+145
   730       7.30   1.4337e+41   5.8719e+44   1.0000    -2.00  3.3972e+145
   731       7.31   1.4317e+41   5.8643e+44   1.0000    -2.00  3.3925e+145
   732       7.32   1.4297e+41   5.8565e+44   1.0000    -2.00  3.3879e+145
   733       7.33   1.4278e+41   5.8485e+44   1.0000    -2.00  3.3833e+145
   734       7.34   1.4259e+41   5.8405e+44   1.0000    -2.00  3.3787e+145
   735       7.35   1.4239e+41   5.8313e+44   1.0000    -2.00  3.3741e+145
   736       7.36   1.4220e+41   5.8246e+44   1.0000    -2.00  3.3695e+145
   737       7.37   1.4201e+41   5.8180e+44   1.0000    -2.00  3.3650e+145
   738       7.38   1.4181e+41   5.8088e+44   1.0000    -2.00  3.3604e+145
   739       7.39   1.4162e+41   5.8010e+44   1.0000    -2.00  3.3559e+145
   740       7.40   1.4143e+41   5.7928e+44   1.0000    -2.00  3.3513e+145
   741       7.41   1.4124e+41   5.7856e+44   1.0000    -2.00  3.3468e+145
   742       7.42   1.4105e+41   5.7776e+44   1.0000    -2.00  3.3423e+145
   743       7.43   1.4086e+41   5.7703e+44   1.0000    -2.00  3.3378e+145
   744       7.44   1.4067e+41   5.7627e+44   1.0000    -2.00  3.3334e+145
   745       7.45   1.4048e+41   5.7541e+44   1.0000    -2.00  3.3289e+145
   746       7.46   1.4029e+41   5.7463e+44   1.0000    -2.00  3.3244e+145
   747       7.47   1.4011e+41   5.7399e+44   1.0000    -2.00  3.3200e+145
   748       7.48   1.3992e+41   5.7320e+44   1.0000    -2.00  3.3155e+145
   749       7.49   1.3973e+41   5.7239e+44   1.0000    -2.00  3.3111e+145
   750       7.50   1.3955e+41   5.7165e+44   1.0000    -2.00  3.3067e+145
   751       7.51   1.3936e+41   5.7084e+44   1.0000    -2.00  3.3023e+145
   752       7.52   1.3918e+41   5.7012e+44   1.0000    -2.00  3.2979e+145
   753       7.53   1.3899e+41   5.6923e+44   1.0000    -2.00  3.2936e+145
   754       7.54   1.3881e+41   5.6858e+44   1.0000    -2.00  3.2892e+145
   755       7.55   1.3862e+41   5.6778e+44   1.0000    -2.00  3.2848e+145
   756       7.56   1.3844e+41   5.6703e+44   1.0000    -2.00  3.2805e+145
   757       7.57   1.3826e+41   5.6637e+44   1.0000    -2.00  3.2762e+145
   758       7.58   1.3808e+41   5.6564e+44   1.0000    -2.00  3.2719e+145
   759       7.59   1.3789e+41   5.6477e+44   1.0000    -2.00  3.2676e+145
   760       7.60   1.3771e+41   5.6415e+44   1.0000    -2.00  3.2633e+145
   761       7.61   1.3753e+41   5.6323e+44   1.0000    -2.00  3.2590e+145
   762       7.62   1.3735e+41   5.6252e+44   1.0000    -2.00  3.2547e+145
   763       7.63   1.3717e+41   5.6183e+44   1.0000    -2.00  3.2505e+145
   764       7.64   1.3699e+41   5.6108e+44   1.0000    -2.00  3.2462e+145
   765       7.65   1.3681e+41   5.6036e+44   1.0000    -2.00  3.2420e+145
   766       7.66   1.3664e+41   5.5969e+44   1.0000    -2.00  3.2377e+145
   767       7.67   1.3646e+41   5.5899e+44   1.0000    -2.00  3.2335e+145
   768       7.68   1.3628e+41   5.5827e+44   1.0000    -2.00  3.2293e+145
   769       7.69   1.3610e+41   5.5754e+44   1.0000    -2.00  3.2251e+145
   770       7.70   1.3593e+41   5.5672e+44   1.0000    -2.00  3.2209e+145
   771       7.71   1.3575e+41   5.5604e+44   1.0000    -2.00  3.2168e+145
   772       7.72   1.3558e+41   5.5530e+44   1.0000    -2.00  3.2126e+145
   773       7.73   1.3540e+41   5.5463e+44   1.0000    -2.00  3.2085e+145
   774       7.74   1.3523e+41   5.5399e+44   1.0000    -2.00  3.2043e+145
   775       7.75   1.3505e+41   5.5322e+44   1.0000    -2.00  3.2002e+145
   776       7.76   1.3488e+41   5.5255e+44   1.0000    -2.00  3.1961e+145
   777       7.77   1.3470e+41   5.5180e+44   1.0000    -2.00  3.1920e+145
   778       7.78   1.3453e+41   5.5101e+44   1.0000    -2.00  3.1879e+145
   779       7.79   1.3436e+41   5.5034e+44   1.0000    -2.00  3.1838e+145
   780       7.80   1.3419e+41   5.4963e+44   1.0000    -2.00  3.1797e+145
   781       7.81   1.3402e+41   5.4889e+44   1.0000    -2.00  3.1756e+145
   782       7.82   1.3384e+41   5.4821e+44   1.0000    -2.00  3.1716e+145
   783       7.83   1.3367e+41   5.4750e+44   1.0000    -2.00  3.1675e+145
   784       7.84   1.3350e+41   5.4681e+44   1.0000    -2.00  3.1635e+145
   785       7.85   1.3333e+41   5.4621e+44   1.0000    -2.00  3.1595e+145
   786       7.86   1.3316e+41   5.4544e+44   1.0000    -2.00  3.1555e+145
   787       7.87   1.3299e+41   5.4472e+44   1.0000    -2.00  3.1515e+145
   788       7.88   1.3283e+41   5.4399e+44   1.0000    -2.00  3.1475e+145
   789       7.89   1.3266e+41   5.4335e+44   1.0000    -2.00  3.1435e+145
   790       7.90   1.3249e+41   5.4274e+44   1.0000    -2.00  3.1395e+145
   791       7.91   1.3232e+41   5.4200e+44   1.0000    -2.00  3.1355e+145
   792       7.92   1.3216e+41   5.4131e+44   1.0000    -2.00  3.1316e+145
   793       7.93   1.3199e+41   5.4062e+44   1.0000    -2.00  3.1276e+145
   794       7.94   1.3182e+41   5.4000e+44   1.0000    -2.00  3.1237e+145
   795       7.95   1.3166e+41   5.3932e+44   1.0000    -2.00  3.1198e+145
   796       7.96   1.3149e+41   5.3857e+44   1.0000    -2.00  3.1159e+145
   797       7.97   1.3133e+41   5.3795e+44   1.0000    -2.00  3.1120e+145
   798       7.98   1.3116e+41   5.3720e+44   1.0000    -2.00  3.1081e+145
   799       7.99   1.3100e+41   5.3665e+44   1.0000    -2.00  3.1042e+145
   800       8.00   1.3084e+41   5.3594e+44   1.0000    -2.00  3.1003e+145
   801       8.01   1.3067e+41   5.3535e+44   1.0000    -2.00  3.0964e+145
   802       8.02   1.3051e+41   5.3447e+44   1.0000    -2.00  3.0926e+145
   803       8.03   1.3035e+41   5.3393e+44   1.0000    -2.00  3.0887e+145
   804       8.04   1.3019e+41   5.3319e+44   1.0000    -2.00  3.0849e+145
   805       8.05   1.3002e+41   5.3255e+44   1.0000    -2.00  3.0811e+145
   806       8.06   1.2986e+41   5.3200e+44   1.0000    -2.00  3.0773e+145
   807       8.07   1.2970e+41   5.3134e+44   1.0000    -2.00  3.0734e+145
   808       8.08   1.2954e+41   5.3070e+44   1.0000    -2.00  3.0696e+145
   809       8.09   1.2938e+41   5.2999e+44   1.0000    -2.00  3.0659e+145
   810       8.10   1.2922e+41   5.2927e+44   1.0000    -2.00  3.0621e+145
   811       8.11   1.2906e+41   5.2859e+44   1.0000    -2.00  3.0583e+145
   812       8.12   1.2891e+41   5.2803e+44   1.0000    -2.00  3.0545e+145
   813       8.13   1.2875e+41   5.2740e+44   1.0000    -2.00  3.0508e+145
   814       8.14   1.2859e+41   5.2672e+44   1.0000    -2.00  3.0471e+145
   815       8.15   1.2843e+41   5.2609e+44   1.0000    -2.00  3.0433e+145
   816       8.16   1.2827e+41   5.2543e+44   1.0000    -2.00  3.0396e+145
   817       8.17   1.2812e+41   5.2489e+44   1.0000    -2.00  3.0359e+145
   818       8.18   1.2796e+41   5.2408e+44   1.0000    -2.00  3.0322e+145
   819       8.19   1.2780e+41   5.2354e+44   1.0000    -2.00  3.0285e+145
   820       8.20   1.2765e+41   5.2289e+44   1.0000    -2.00  3.0248e+145
   821       8.21   1.2749e+41   5.2227e+44   1.0000    -2.00  3.0211e+145
   822       8.22   1.2734e+41   5.2158e+44   1.0000    -2.00  3.0174e+145
   823       8.23   1.2718e+41   5.2085e+44   1.0000    -2.00  3.0138e+145
   824       8.24   1.2703e+41   5.2037e+44   1.0000    -2.00  3.0101e+145
   825       8.25   1.2688e+41   5.1972e+44   1.0000    -2.00  3.0065e+145
   826       8.26   1.2672e+41   5.1905e+44   1.0000    -2.00  3.0028e+145
   827       8.27   1.2657e+41   5.1847e+44   1.0000    -2.00  2.9992e+145
   828       8.28   1.2642e+41   5.1783e+44   1.0000    -2.00  2.9956e+145
   829       8.29   1.2627e+41   5.1714e+44   1.0000    -2.00  2.9920e+145
   830       8.30   1.2611e+41   5.1659e+44   1.0000    -2.00  2.9884e+145
   831       8.31   1.2596e+41   5.1596e+44   1.0000    -2.00  2.9848e+145
   832       8.32   1.2581e+41   5.1525e+44   1.0000    -2.00  2.9812e+145
   833       8.33   1.2566e+41   5.1476e+44   1.0000    -2.00  2.9776e+145
   834       8.34   1.2551e+41   5.1411e+44   1.0000    -2.00  2.9741e+145
   835       8.35   1.2536e+41   5.1347e+44   1.0000    -2.00  2.9705e+145
   836       8.36   1.2521e+41   5.1293e+44   1.0000    -2.00  2.9670e+145
   837       8.37   1.2506e+41   5.1225e+44   1.0000    -2.00  2.9634e+145
   838       8.38   1.2491e+41   5.1165e+44   1.0000    -2.00  2.9599e+145
   839       8.39   1.2476e+41   5.1098e+44   1.0000    -2.00  2.9564e+145
   840       8.40   1.2461e+41   5.1033e+44   1.0000    -2.00  2.9528e+145
   841       8.41   1.2447e+41   5.0982e+44   1.0000    -2.00  2.9493e+145
   842       8.42   1.2432e+41   5.0927e+44   1.0000    -2.00  2.9458e+145
   843       8.43   1.2417e+41   5.0850e+44   1.0000    -2.00  2.9424e+145
   844       8.44   1.2402e+41   5.0793e+44   1.0000    -2.00  2.9389e+145
   845       8.45   1.2388e+41   5.0738e+44   1.0000    -2.00  2.9354e+145
   846       8.46   1.2373e+41   5.0684e+44   1.0000    -2.00  2.9319e+145
   847       8.47   1.2358e+41   5.0622e+44   1.0000    -2.00  2.9285e+145
   848       8.48   1.2344e+41   5.0559e+44   1.0000    -2.00  2.9250e+145
   849       8.49   1.2329e+41   5.0505e+44   1.0000    -2.00  2.9216e+145
   850       8.50   1.2315e+41   5.0448e+44   1.0000    -2.00  2.9182e+145
   851       8.51   1.2300e+41   5.0382e+44   1.0000    -2.00  2.9147e+145
   852       8.52   1.2286e+41   5.0320e+44   1.0000    -2.00  2.9113e+145
   853       8.53   1.2272e+41   5.0270e+44   1.0000    -2.00  2.9079e+145
   854       8.54   1.2257e+41   5.0207e+44   1.0000    -2.00  2.9045e+145
   855       8.55   1.2243e+41   5.0149e+44   1.0000    -2.00  2.9011e+145
   856       8.56   1.2229e+41   5.0099e+44   1.0000    -2.00  2.8977e+145
   857       8.57   1.2214e+41   5.0041e+44   1.0000    -2.00  2.8943e+145
   858       8.58   1.2200e+41   4.9973e+44   1.0000    -2.00  2.8910e+145
   859       8.59   1.2186e+41   4.9916e+44   1.0000    -2.00  2.8876e+145
   860       8.60   1.2172e+41   4.9855e+44   1.0000    -2.00  2.8843e+145
   861       8.61   1.2158e+41   4.9801e+44   1.0000    -2.00  2.8809e+145
   862       8.62   1.2144e+41   4.9745e+44   1.0000    -2.00  2.8776e+145
   863       8.63   1.2130e+41   4.9679e+44   1.0000    -2.00  2.8742e+145
   864       8.64   1.2116e+41   4.9621e+44   1.0000    -2.00  2.8709e+145
   865       8.65   1.2102e+41   4.9576e+44   1.0000    -2.00  2.8676e+145
   866       8.66   1.2088e+41   4.9508e+44   1.0000    -2.00  2.8643e+145
   867       8.67   1.2074e+41   4.9462e+44   1.0000    -2.00  2.8610e+145
   868       8.68   1.2060e+41   4.9390e+44   1.0000    -2.00  2.8577e+145
   869       8.69   1.2046e+41   4.9336e+44   1.0000    -2.00  2.8544e+145
   870       8.70   1.2032e+41   4.9286e+44   1.0000    -2.00  2.8511e+145
   871       8.71   1.2018e+41   4.9231e+44   1.0000    -2.00  2.8479e+145
   872       8.72   1.2005e+41   4.9169e+44   1.0000    -2.00  2.8446e+145
   873       8.73   1.1991e+41   4.9120e+44   1.0000    -2.00  2.8414e+145
   874       8.74   1.1977e+41   4.9050e+44   1.0000    -2.00  2.8381e+145
   875       8.75   1.1963e+41   4.9005e+44   1.0000    -2.00  2.8349e+145
   876       8.76   1.1950e+41   4.8945e+44   1.0000    -2.00  2.8316e+145
   877       8.77   1.1936e+41   4.8886e+44   1.0000    -2.00  2.8284e+145
   878       8.78   1.1923e+41   4.8836e+44   1.0000    -2.00  2.8252e+145
   879       8.79   1.1909e+41   4.8783e+44   1.0000    -2.00  2.8220e+145
   880       8.80   1.1896e+41   4.8725e+44   1.0000    -2.00  2.8188e+145
   881       8.81   1.1882e+41   4.8668e+44   1.0000    -2.00  2.8156e+145
   882       8.82   1.1869e+41   4.8611e+44   1.0000    -2.00  2.8124e+145
   883       8.83   1.1855e+41   4.8559e+44   1.0000    -2.00  2.8092e+145
   884       8.84   1.1842e+41   4.8509e+44   1.0000    -2.00  2.8060e+145
   885       8.85   1.1828e+41   4.8448e+44   1.0000    -2.00  2.8029e+145
   886       8.86   1.1815e+41   4.8389e+44   1.0000    -2.00  2.7997e+145
   887       8.87   1.1802e+41   4.8334e+44   1.0000    -2.00  2.7966e+145
   888       8.88   1.1789e+41   4.8286e+44   1.0000    -2.00  2.7934e+145
   889       8.89   1.1775e+41   4.8227e+44   1.0000    -2.00  2.7903e+145
   890       8.90   1.1762e+41   4.8177e+44   1.0000    -2.00  2.7871e+145
   891       8.91   1.1749e+41   4.8121e+44   1.0000    -2.00  2.7840e+145
   892       8.92   1.1736e+41   4.8074e+44   1.0000    -2.00  2.7809e+145
   893       8.93   1.1723e+41   4.8018e+44   1.0000    -2.00  2.7778e+145
   894       8.94   1.1709e+41   4.7965e+44   1.0000    -2.00  2.7747e+145
   895       8.95   1.1696e+41   4.7916e+44   1.0000    -2.00  2.7716e+145
   896       8.96   1.1683e+41   4.7847e+44   1.0000    -2.00  2.7685e+145
   897       8.97   1.1670e+41   4.7802e+44   1.0000    -2.00  2.7654e+145
   898       8.98   1.1657e+41   4.7749e+44   1.0000    -2.00  2.7623e+145
   899       8.99   1.1644e+41   4.7705e+44   1.0000    -2.00  2.7593e+145
   900       9.00   1.1632e+41   4.7642e+44   1.0000    -2.00  2.7562e+145
   901       9.01   1.1619e+41   4.7581e+44   1.0000    -2.00  2.7532e+145
   902       9.02   1.1606e+41   4.7536e+44   1.0000    -2.00  2.7501e+145
   903       9.03   1.1593e+41   4.7478e+44   1.0000    -2.00  2.7471e+145
   904       9.04   1.1580e+41   4.7425e+44   1.0000    -2.00  2.7440e+145
   905       9.05   1.1567e+41   4.7379e+44   1.0000    -2.00  2.7410e+145
   906       9.06   1.1555e+41   4.7325e+44   1.0000    -2.00  2.7380e+145
   907       9.07   1.1542e+41   4.7275e+44   1.0000    -2.00  2.7350e+145
   908       9.08   1.1529e+41   4.7228e+44   1.0000    -2.00  2.7320e+145
   909       9.09   1.1516e+41   4.7178e+44   1.0000    -2.00  2.7290e+145
   910       9.10   1.1504e+41   4.7122e+44   1.0000    -2.00  2.7260e+145
   911       9.11   1.1491e+41   4.7081e+44   1.0000    -2.00  2.7230e+145
   912       9.12   1.1479e+41   4.7022e+44   1.0000    -2.00  2.7200e+145
   913       9.13   1.1466e+41   4.6965e+44   1.0000    -2.00  2.7170e+145
   914       9.14   1.1454e+41   4.6908e+44   1.0000    -2.00  2.7140e+145
   915       9.15   1.1441e+41   4.6868e+44   1.0000    -2.00  2.7111e+145
   916       9.16   1.1429e+41   4.6813e+44   1.0000    -2.00  2.7081e+145
   917       9.17   1.1416e+41   4.6759e+44   1.0000    -2.00  2.7052e+145
   918       9.18   1.1404e+41   4.6710e+44   1.0000    -2.00  2.7022e+145
   919       9.19   1.1391e+41   4.6657e+44   1.0000    -2.00  2.6993e+145
   920       9.20   1.1379e+41   4.6612e+44   1.0000    -2.00  2.6964e+145
   921       9.21   1.1367e+41   4.6561e+44   1.0000    -2.00  2.6934e+145
   922       9.22   1.1354e+41   4.6501e+44   1.0000    -2.00  2.6905e+145
   923       9.23   1.1342e+41   4.6459e+44   1.0000    -2.00  2.6876e+145
   924       9.24   1.1330e+41   4.6406e+44   1.0000    -2.00  2.6847e+145
   925       9.25   1.1317e+41   4.6357e+44   1.0000    -2.00  2.6818e+145
   926       9.26   1.1305e+41   4.6306e+44   1.0000    -2.00  2.6789e+145
   927       9.27   1.1293e+41   4.6266e+44   1.0000    -2.00  2.6760e+145
   928       9.28   1.1281e+41   4.6199e+44   1.0000    -2.00  2.6731e+145
   929       9.29   1.1269e+41   4.6157e+44   1.0000    -2.00  2.6703e+145
   930       9.30   1.1257e+41   4.6103e+44   1.0000    -2.00  2.6674e+145
   931       9.31   1.1245e+41   4.6055e+44   1.0000    -2.00  2.6645e+145
   932       9.32   1.1233e+41   4.6009e+44   1.0000    -2.00  2.6617e+145
   933       9.33   1.1221e+41   4.5954e+44   1.0000    -2.00  2.6588e+145
   934       9.34   1.1209e+41   4.5914e+44   1.0000    -2.00  2.6560e+145
   935       9.35   1.1197e+41   4.5854e+44   1.0000    -2.00  2.6531e+145
   936       9.36   1.1185e+41   4.5819e+44   1.0000    -2.00  2.6503e+145
   937       9.37   1.1173e+41   4.5762e+44   1.0000    -2.00  2.6475e+145
   938       9.38   1.1161e+41   4.5718e+44   1.0000    -2.00  2.6447e+145
   939       9.39   1.1149e+41   4.5664e+44   1.0000    -2.00  2.6419e+145
   940       9.40   1.1137e+41   4.5623e+44   1.0000    -2.00  2.6390e+145
   941       9.41   1.1125e+41   4.5572e+44   1.0000    -2.00  2.6362e+145
   942       9.42   1.1113e+41   4.5520e+44   1.0000    -2.00  2.6335e+145
   943       9.43   1.1102e+41   4.5473e+44   1.0000    -2.00  2.6307e+145
   944       9.44   1.1090e+41   4.5420e+44   1.0000    -2.00  2.6279e+145
   945       9.45   1.1078e+41   4.5381e+44   1.0000    -2.00  2.6251e+145
   946       9.46   1.1067e+41   4.5328e+44   1.0000    -2.00  2.6223e+145
   947       9.47   1.1055e+41   4.5282e+44   1.0000    -2.00  2.6196e+145
   948       9.48   1.1043e+41   4.5237e+44   1.0000    -2.00  2.6168e+145
   949       9.49   1.1032e+41   4.5184e+44   1.0000    -2.00  2.6140e+145
   950       9.50   1.1020e+41   4.5141e+44   1.0000    -2.00  2.6113e+145
   951       9.51   1.1008e+41   4.5084e+44   1.0000    -2.00  2.6086e+145
   952       9.52   1.0997e+41   4.5045e+44   1.0000    -2.00  2.6058e+145
   953       9.53   1.0985e+41   4.5004e+44   1.0000    -2.00  2.6031e+145
   954       9.54   1.0974e+41   4.4952e+44   1.0000    -2.00  2.6004e+145
   955       9.55   1.0962e+41   4.4908e+44   1.0000    -2.00  2.5976e+145
   956       9.56   1.0951e+41   4.4853e+44   1.0000    -2.00  2.5949e+145
   957       9.57   1.0939e+41   4.4805e+44   1.0000    -2.00  2.5922e+145
   958       9.58   1.0928e+41   4.4769e+44   1.0000    -2.00  2.5895e+145
   959       9.59   1.0917e+41   4.4714e+44   1.0000    -2.00  2.5868e+145
   960       9.60   1.0905e+41   4.4673e+44   1.0000    -2.00  2.5841e+145
   961       9.61   1.0894e+41   4.4628e+44   1.0000    -2.00  2.5814e+145
   962       9.62   1.0883e+41   4.4572e+44   1.0000    -2.00  2.5788e+145
   963       9.63   1.0871e+41   4.4522e+44   1.0000    -2.00  2.5761e+145
   964       9.64   1.0860e+41   4.4488e+44   1.0000    -2.00  2.5734e+145
   965       9.65   1.0849e+41   4.4436e+44   1.0000    -2.00  2.5708e+145
   966       9.66   1.0838e+41   4.4392e+44   1.0000    -2.00  2.5681e+145
   967       9.67   1.0826e+41   4.4348e+44   1.0000    -2.00  2.5654e+145
   968       9.68   1.0815e+41   4.4304e+44   1.0000    -2.00  2.5628e+145
   969       9.69   1.0804e+41   4.4253e+44   1.0000    -2.00  2.5602e+145
   970       9.70   1.0793e+41   4.4213e+44   1.0000    -2.00  2.5575e+145
   971       9.71   1.0782e+41   4.4167e+44   1.0000    -2.00  2.5549e+145
   972       9.72   1.0771e+41   4.4119e+44   1.0000    -2.00  2.5523e+145
   973       9.73   1.0760e+41   4.4075e+44   1.0000    -2.00  2.5496e+145
   974       9.74   1.0749e+41   4.4026e+44   1.0000    -2.00  2.5470e+145
   975       9.75   1.0738e+41   4.3985e+44   1.0000    -2.00  2.5444e+145
   976       9.76   1.0727e+41   4.3934e+44   1.0000    -2.00  2.5418e+145
   977       9.77   1.0716e+41   4.3897e+44   1.0000    -2.00  2.5392e+145
   978       9.78   1.0705e+41   4.3837e+44   1.0000    -2.00  2.5366e+145
   979       9.79   1.0694e+41   4.3807e+44   1.0000    -2.00  2.5340e+145
   980       9.80   1.0683e+41   4.3762e+44   1.0000    -2.00  2.5314e+145
   981       9.81   1.0672e+41   4.3717e+44   1.0000    -2.00  2.5289e+145
   982       9.82   1.0661e+41   4.3675e+44   1.0000    -2.00  2.5263e+145
   983       9.83   1.0650e+41   4.3628e+44   1.0000    -2.00  2.5237e+145
   984       9.84   1.0640e+41   4.3579e+44   1.0000    -2.00  2.5212e+145
   985       9.85   1.0629e+41   4.3536e+44   1.0000    -2.00  2.5186e+145
   986       9.86   1.0618e+41   4.3488e+44   1.0000    -2.00  2.5161e+145
   987       9.87   1.0607e+41   4.3456e+44   1.0000    -2.00  2.5135e+145
   988       9.88   1.0597e+41   4.3400e+44   1.0000    -2.00  2.5110e+145
   989       9.89   1.0586e+41   4.3359e+44   1.0000    -2.00  2.5084e+145
   990       9.90   1.0575e+41   4.3319e+44   1.0000    -2.00  2.5059e+145
   991       9.91   1.0565e+41   4.3275e+44   1.0000    -2.00  2.5034e+145
   992       9.92   1.0554e+41   4.3232e+44   1.0000    -2.00  2.5009e+145
   993       9.93   1.0543e+41   4.3188e+44   1.0000    -2.00  2.4983e+145
   994       9.94   1.0533e+41   4.3142e+44   1.0000    -2.00  2.4958e+145
   995       9.95   1.0522e+41   4.3102e+44   1.0000    -2.00  2.4933e+145
   996       9.96   1.0512e+41   4.3052e+44   1.0000    -2.00  2.4908e+145
   997       9.97   1.0501e+41   4.3015e+44   1.0000    -2.00  2.4883e+145
   998       9.98   1.0490e+41   4.2961e+44   1.0000    -2.00  2.4858e+145
   999       9.99   1.0480e+41   4.2931e+44   1.0000    -2.00  2.4833e+145
